Introducing contestants...
* Player 1, weighing 602 bytes, "Douceur-power" ("La douceur de la quenelle") !
* Player 2, weighing 639 bytes, "Overwatch" ("Reinhardt, Pharah, Mercy, Mei, Symmetra & Torbjorn") !
* Player 3, weighing 678 bytes, "mise_a_jour_windows95" ("Votre version de windows est obselete, votre mémoire vas être mise jour, veuillez ne pas eteindre vore ordinateur au risque de voir toutes vos donnees se faire ecrasées") !
* Player 4, weighing 519 bytes, "run Kitty RUN" ("Jan-ken-pon (じゃんけんぽん)
Ce qui reste éternellement incompréhensible dans la nature, c’est qu’on puisse la comprendre.
Celui qui ne peut plus éprouver ni étonnement ni surprise, est pour ainsi dire mort : ses yeux sont éteints. – Albert Einstein
Si vous voulez trouver les secrets de l'univers pensez en termes de fréquences, d'énergies et de vibrations. - Nikola Tesla
Pas la pour etre ici. - Silicon Val[list]
Dieu est la plus belle invention.
Tapis dans l'ombre je veille. - Minou
J'te KHABBAR") !
0x0000:	03 70 01 00 07 02 90 00 00 10 92 01 03 70 02 ff f4 0b 68 02 ff ef 00 01 0c 00 99 0b 68 01 00 38 00 01 0b 68 01 01 17 00 01 02 90 0f 0f 0f 0f 09 02 90 ff ff ff 01 0a 02 90 00 09 ff 62 0c 02 90
0x0040:	01 09 ff f4 0f 02 90 02 90 00 00 10 02 90 00 00 00 00 02 01 00 00 30 39 0c 00 bb 01 00 00 30 39 03 70 0f fe 2d 03 70 10 fe 22 03 70 01 fe 19 03 70 0a fe 10 03 70 02 fe 15 03 70 09 ff d3 03 70
0x0080:	09 ff c4 03 70 09 ff b5 03 70 09 ff a6 03 70 09 ff 97 03 70 09 ff 88 03 70 09 ff 79 03 70 09 ff 6a 09 ff ba 01 00 00 30 39 0b 54 02 03 03 09 fe 03 01 00 00 30 39 0c 00 30 02 90 ff ff ff 04 03
0x00c0:	02 90 0b 54 05 03 02 02 90 0b 54 08 03 05 02 90 ff ff ff f4 09 02 90 0b 54 08 09 08 02 90 00 00 00 00 10 09 ff c1 02 90 ff ff ff 06 03 02 90 03 09 fe 03 02 02 90 03 09 fe 03 05 02 90 ff ff ff
0x0100:	f6 09 02 90 09 09 ff e3 08 02 90 00 00 00 00 10 09 ff 94 01 00 00 30 39 0c 00 d8 09 00 1e 01 00 00 30 39 0c 00 16 01 00 00 30 39 0c 00 0e 01 00 00 30 39 0c 00 94 09 ff e8 01 00 00 30 39 0c 00
0x0140:	15 01 00 00 30 39 0c 00 5d 02 90 00 00 00 00 09 09 ff ce 01 00 00 30 39 0c 00 27 01 00 00 30 39 02 90 0b 54 01 02 01 02 90 00 00 00 06 02 02 90 00 00 00 04 03 02 90 00 00 00 00 09 09 00 6f 01
0x0180:	00 00 30 39 02 90 00 00 00 08 02 02 90 00 00 00 04 02 02 90 00 00 00 02 03 02 90 00 00 00 00 09 09 00 4b 01 00 00 30 39 02 90 03 01 00 00 01 02 90 00 00 00 07 02 02 90 00 00 00 07 03 02 90 00
0x01c0:	00 00 00 09 09 00 27 01 00 00 30 39 02 90 42 42 42 42 01 02 90 00 00 00 fe 02 02 90 00 00 00 fe 03 02 90 00 00 00 00 09 09 00 03 0b 54 01 02 03 0c 00 30 02 90 00 00 00 f2 03 02 90 0b 54 05 03
0x0200:	02 02 90 0b 54 08 03 05 02 90 00 00 00 0c 09 02 90 0b 54 08 09 08 02 90 00 00 00 00 10 09 00 30 02 90 00 00 00 f4 03 02 90 03 09 01 df 02 02 90 03 09 01 df 05 02 90 00 00 00 0e 09 02 90 09 09
0x0240:	00 13 08 02 90 00 00 00 00 10 09 00 03 01 00 00 30 39 0b 54 02 03 03 09 01 df 00 00 00 00 00 00 00 00 00 00 00 00 00 00 00 00 00 00 00 00 00 00 00 00 00 00 00 00 00 00 00 00 00 00 00 00 00 00
0x0280:	00 00 00 00 00 00 00 00 00 00 00 00 00 00 00 00 00 00 00 00 00 00 00 00 00 00 00 00 00 00 00 00 00 00 00 00 00 00 00 00 00 00 00 00 00 00 00 00 00 00 00 00 00 00 00 00 00 00 00 00 00 00 00 00
0x02c0:	00 00 00 00 00 00 00 00 00 00 00 00 00 00 00 00 00 00 00 00 00 00 00 00 00 00 00 00 00 00 00 00 00 00 00 00 00 00 00 00 00 00 00 00 00 00 00 00 00 00 00 00 00 00 00 00 00 00 00 00 00 00 00 00
0x0300:	00 00 00 00 00 00 00 00 00 00 00 00 00 00 00 00 00 00 00 00 00 00 00 00 00 00 00 00 00 00 00 00 00 00 00 00 00 00 00 00 00 00 00 00 00 00 00 00 00 00 00 00 00 00 00 00 00 00 00 00 00 00 00 00
0x0340:	00 00 00 00 00 00 00 00 00 00 00 00 00 00 00 00 00 00 00 00 00 00 00 00 00 00 00 00 00 00 00 00 00 00 00 00 00 00 00 00 00 00 00 00 00 00 00 00 00 00 00 00 00 00 00 00 00 00 00 00 00 00 00 00
0x0380:	00 00 00 00 00 00 00 00 00 00 00 00 00 00 00 00 00 00 00 00 00 00 00 00 00 00 00 00 00 00 00 00 00 00 00 00 00 00 00 00 00 00 00 00 00 00 00 00 00 00 00 00 00 00 00 00 00 00 00 00 00 00 00 00
0x03c0:	00 00 00 00 00 00 00 00 00 00 00 00 00 00 00 00 00 00 00 00 00 00 00 00 00 00 00 00 00 00 00 00 00 00 00 00 00 00 00 00 00 00 00 00 00 00 00 00 00 00 00 00 00 00 00 00 00 00 00 00 00 00 00 00
0x0400:	02 90 00 00 00 01 10 03 70 01 00 06 01 00 00 00 00 09 ff fb 03 70 0f ff f4 03 70 10 ff ea 0c 00 5b 03 70 01 00 06 01 00 00 00 00 0c 01 70 03 70 01 00 06 01 00 00 00 00 02 90 00 09 00 00 0d 02
0x0440:	90 00 00 00 08 0e 02 90 ff ff fe 01 0f 02 90 00 00 00 00 10 09 00 03 02 90 0b 54 0d 0e 0b 02 90 10 09 fe 62 0c 02 90 00 00 00 00 10 03 70 0b fe 0b 03 70 0c fe 0a 09 fe 01 03 70 01 00 06 01 00
0x0480:	00 00 00 0c 00 2c 03 70 01 00 06 01 00 00 00 00 02 90 0b 54 0d 0f 0d 02 90 ff ff fe 67 0e 02 90 ff ff ff eb 0f 02 90 00 00 00 00 10 09 ff ab 03 70 01 00 06 01 00 00 00 00 02 90 10 09 ff e6 0d
0x04c0:	02 90 ff ff fe 6b 0e 02 90 ff ff ff ef 0f 02 90 00 00 00 00 10 09 ff 82 0f 00 00 0f 00 00 0f 00 00 0f 00 00 0f 00 00 0f 00 00 0f 00 00 0f 00 00 0f 00 00 0f 00 00 0f 00 00 0f 00 00 0f 00 00 0f
0x0500:	00 00 0f 00 00 0f 00 00 0f 00 00 0f 00 00 0f 00 00 0f 00 00 0f 00 00 0f 00 00 0f 00 00 0f 00 00 0f 00 00 0f 00 00 0f 00 00 0f 00 00 0f 00 00 0f 00 00 0f 00 00 0f 00 00 0f 00 00 0f 00 00 0f 00
0x0540:	00 0f 00 00 0f 00 00 0f 00 00 0f 00 00 0f 00 00 0f 00 00 0f 00 00 0f 00 00 0f 00 00 0f 00 00 0f 00 00 0f 00 00 0f 00 00 0f 00 00 0f 00 00 0f 00 00 0f 00 00 0f 00 00 0f 00 00 0f 00 00 0f 00 00
0x0580:	0f 00 00 0f 00 00 0f 00 00 0f 00 00 0f 00 00 0f 00 00 0f 00 00 0f 00 00 0f 00 00 0a a4 fe 71 00 00 01 0a a4 fe 6a 00 04 02 02 90 00 03 00 00 03 04 54 02 03 03 02 90 03 70 01 01 10 03 70 10 01
0x05c0:	ff 02 90 ff 03 70 03 10 03 70 10 01 f7 02 90 01 fe 03 70 10 03 70 10 01 ef 02 90 01 01 fd 03 10 03 70 10 01 e7 02 90 70 03 01 fc 10 03 70 10 01 df 02 90 03 70 01 01 10 03 70 10 01 d7 02 90 fb
0x0600:	03 70 02 10 03 70 10 01 cf 02 90 01 fa 03 70 10 03 70 10 01 c7 02 90 10 ff e3 03 10 03 70 10 01 bf 02 90 70 10 ff e3 10 03 70 10 01 b7 02 90 03 70 10 ff 10 03 70 10 01 af 02 90 e3 03 70 10 10
0x0640:	03 70 10 01 a7 02 90 ff e3 03 70 10 03 70 10 01 9f 02 90 10 ff e3 03 10 03 70 10 01 97 02 90 70 10 ff e3 10 03 70 10 01 8f 02 90 09 01 c3 00 10 03 70 10 01 87 02 90 00 00 00 00 10 09 01 3f 00
0x0680:	00 00 00 00 00 00 00 00 00 00 00 00 00 00 00 00 00 00 00 00 00 00 00 00 00 00 00 00 00 00 00 00 00 00 00 00 00 00 00 00 00 00 00 00 00 00 00 00 00 00 00 00 00 00 00 00 00 00 00 00 00 00 00 00
0x06c0:	00 00 00 00 00 00 00 00 00 00 00 00 00 00 00 00 00 00 00 00 00 00 00 00 00 00 00 00 00 00 00 00 00 00 00 00 00 00 00 00 00 00 00 00 00 00 00 00 00 00 00 00 00 00 00 00 00 00 00 00 00 00 00 00
0x0700:	00 00 00 00 00 00 00 00 00 00 00 00 00 00 00 00 00 00 00 00 00 00 00 00 00 00 00 00 00 00 00 00 00 00 00 00 00 00 00 00 00 00 00 00 00 00 00 00 00 00 00 00 00 00 00 00 00 00 00 00 00 00 00 00
0x0740:	00 00 00 00 00 00 00 00 00 00 00 00 00 00 00 00 00 00 00 00 00 00 00 00 00 00 00 00 00 00 00 00 00 00 00 00 00 00 00 00 00 00 00 00 00 00 00 00 00 00 00 00 00 00 00 00 00 00 00 00 00 00 00 00
0x0780:	00 00 00 00 00 00 00 00 00 00 00 00 00 00 00 00 00 00 00 00 00 00 00 00 00 00 00 00 00 00 00 00 00 00 00 00 00 00 00 00 00 00 00 00 00 00 00 00 00 00 00 00 00 00 00 00 00 00 00 00 00 00 00 00
0x07c0:	00 00 00 00 00 00 00 00 00 00 00 00 00 00 00 00 00 00 00 00 00 00 00 00 00 00 00 00 00 00 00 00 00 00 00 00 00 00 00 00 00 00 00 00 00 00 00 00 00 00 00 00 00 00 00 00 00 00 00 00 00 00 00 00
0x0800:	01 00 00 00 01 02 90 0f 0f 0f 0f 02 02 90 03 70 03 01 03 02 90 01 00 00 00 05 0c 01 be 0c 01 6a 05 54 04 04 04 09 00 8d 01 00 00 00 01 0c fe 01 03 70 04 ff 9c 03 70 04 ff 9c 03 70 04 ff 9c 03
0x0840:	70 04 ff 9c 03 70 04 ff 9c 03 70 04 ff 9c 03 70 04 ff 9c 03 70 04 ff 9c 03 70 04 ff 9c 03 70 04 ff 9c 03 70 04 ff 9c 03 70 04 ff 9c 03 70 04 ff 9c 03 70 04 ff 9c 03 70 04 ff 9c 03 70 04 ff 9c
0x0880:	03 70 04 ff 9c 03 70 04 ff 9c 03 70 04 ff 9c 03 70 04 ff 9c 03 70 04 ff 9c 03 70 04 ff 9c 03 70 04 ff 9c 03 70 04 ff 9c 03 70 04 ff 9c 03 70 04 ff 9c 01 00 00 00 01 03 70 02 fe 01 03 70 02 fe
0x08c0:	02 03 70 02 fe 03 03 70 02 fe 04 03 70 02 fe 05 03 70 02 fe 06 03 70 02 fe 07 03 70 02 fe 08 03 70 02 fe 09 03 70 02 fe 0a 03 70 02 fe 0b 03 70 02 fe 0c 03 70 02 fe 0d 03 70 02 fe 0e 03 70 02
0x0900:	fe 0f 03 70 02 fe 10 03 70 02 fe 11 03 70 02 fe 12 03 70 02 fe 13 03 70 02 fe 14 01 00 00 00 01 03 70 10 fe fa 03 70 10 ff 0b 03 70 10 ff 0c 03 70 10 ff 0d 03 70 10 ff 0e 03 70 10 ff 10 03 70
0x0940:	10 ff 12 03 70 10 ff 14 03 70 10 ff 16 03 70 10 ff 18 03 70 10 ff 1a 03 70 10 ff 1c 03 70 10 ff 1e 03 70 10 ff 20 03 70 10 ff 22 03 70 10 ff 24 03 70 10 ff 26 03 70 10 ff 28 03 70 10 ff 2a 03
0x0980:	70 10 ff 2c 09 ff 2e 03 70 01 ff 2c 03 70 01 00 45 03 70 01 ff 8b 03 70 10 ff f1 03 70 10 ff f1 03 70 10 ff f1 02 90 70 03 00 e2 04 02 90 00 00 00 05 0a 01 00 00 00 01 0c fe fa 01 00 00 00 01
0x09c0:	0c ff f3 01 00 00 00 01 0c 00 bf 05 54 04 04 04 01 00 00 00 01 09 ff fb 01 00 00 00 01 02 90 00 00 01 ef 08 02 90 00 00 00 10 0b 02 90 ff ff ff f7 0c 02 90 00 00 00 67 0d 02 90 10 09 00 44 0e
0x0a00:	02 90 00 00 00 00 0a 0c 00 2e 02 90 00 00 00 04 0a 02 90 0b 09 00 0b 09 02 90 08 09 01 ea 07 02 90 08 09 01 ea 06 02 90 08 09 01 ea 0f 05 54 10 10 10 09 00 22 02 90 0b 54 09 0a 09 02 90 0b 54
0x0a40:	09 0a 07 02 90 0b 54 07 0a 06 02 90 0b 54 06 0a 0f 09 00 03 04 54 0d 0c 0d 0b 54 0f 0a 0d 01 00 00 00 01 04 54 0e 0c 0e 03 70 0e ff 93 03 70 0d ff 87 03 70 0e 00 09 06 54 10 10 10 09 01 02 01
0x0a80:	00 00 00 01 09 ff d0 0c ff 51 01 00 00 00 00 04 54 04 0a 04 03 70 04 00 06 03 70 03 00 c8 06 54 10 10 10 09 ff e7 00 00 00 00 00 00 00 00 00 00 00 00 00 00 00 00 00 00 00 00 00 00 00 00 00 00
0x0ac0:	00 00 00 00 00 00 00 00 00 00 00 00 00 00 00 00 00 00 00 00 00 00 00 00 00 00 00 00 00 00 00 00 00 00 00 00 00 00 00 00 00 00 00 00 00 00 00 00 00 00 00 00 00 00 00 00 00 00 00 00 00 00 00 00
0x0b00:	00 00 00 00 00 00 00 00 00 00 00 00 00 00 00 00 00 00 00 00 00 00 00 00 00 00 00 00 00 00 00 00 00 00 00 00 00 00 00 00 00 00 00 00 00 00 00 00 00 00 00 00 00 00 00 00 00 00 00 00 00 00 00 00
0x0b40:	00 00 00 00 00 00 00 00 00 00 00 00 00 00 00 00 00 00 00 00 00 00 00 00 00 00 00 00 00 00 00 00 00 00 00 00 00 00 00 00 00 00 00 00 00 00 00 00 00 00 00 00 00 00 00 00 00 00 00 00 00 00 00 00
0x0b80:	00 00 00 00 00 00 00 00 00 00 00 00 00 00 00 00 00 00 00 00 00 00 00 00 00 00 00 00 00 00 00 00 00 00 00 00 00 00 00 00 00 00 00 00 00 00 00 00 00 00 00 00 00 00 00 00 00 00 00 00 00 00 00 00
0x0bc0:	00 00 00 00 00 00 00 00 00 00 00 00 00 00 00 00 00 00 00 00 00 00 00 00 00 00 00 00 00 00 00 00 00 00 00 00 00 00 00 00 00 00 00 00 00 00 00 00 00 00 00 00 00 00 00 00 00 00 00 00 00 00 00 00
0x0c00:	0c 00 ed 01 0f 0f 0f 0f 0c 00 5e 02 90 0b 54 0a 0b 09 02 90 0b 54 0d 10 0a 02 90 00 00 01 fa 0b 02 90 08 54 09 0c 0d 02 90 00 00 01 f9 10 02 90 0f 0f 0f 0f 02 02 90 00 00 01 ff 0f 03 50 02 05
0x0c40:	03 50 02 03 03 50 02 06 03 50 02 04 03 50 02 07 03 50 0f 0e 03 50 02 01 03 50 0f 08 02 90 00 00 00 00 0c 09 01 9c 03 70 01 00 06 01 00 00 00 2a 02 90 70 01 fe 0f 01 03 70 01 ff f0 02 90 0c 09
0x0c80:	01 f5 09 02 90 0c 09 01 f4 0a 02 90 00 00 01 fe 0b 02 90 09 0c 09 0b 0d 02 90 00 00 01 fb 10 02 90 0b 54 05 0f 02 02 90 00 00 00 05 0f 02 90 0b 54 03 0f 05 02 90 0b 54 06 0f 03 02 90 0b 54 04
0x0cc0:	0f 06 02 90 0b 54 07 0e 04 02 90 09 8f 0f 01 07 02 90 00 00 00 0a 0e 02 90 54 02 0f 0c 01 02 90 00 00 00 0e 08 08 54 0c 0c 0c 09 01 0d 01 0f 0f 0f 0f 0c 00 7c 02 90 0c 09 01 f5 09 02 90 0c 09
0x0d00:	01 f4 0a 02 90 00 00 01 fe 0b 02 90 09 0b 54 04 0d 02 90 00 00 01 fd 10 02 90 02 0f 0c 0b 02 02 90 00 00 00 02 0f 02 90 05 0f 0c 0b 05 02 90 03 0f 0c 0b 03 02 90 06 0f 0c 0b 06 02 90 04 0f 0c
0x0d40:	0b 04 02 90 0b 54 01 08 07 02 90 00 00 00 05 0e 02 d0 00 17 01 02 90 00 00 00 0b 08 08 54 0c 0c 0c 09 00 96 01 00 00 00 2a 0b 54 0f 01 01 03 70 01 ff f7 02 90 70 01 01 ff 01 03 70 01 ff f5 03
0x0d80:	50 0f 0f 03 50 0f 0f 02 90 0b 54 0a 0b 09 02 90 0b 54 0d 10 0a 02 90 00 00 01 fa 0b 02 90 54 04 0f 0c 0d 02 90 00 00 01 ff 10 02 90 54 05 0f 0c 02 02 90 00 00 00 06 0f 02 90 54 03 0f 0c 05 02
0x0dc0:	90 54 06 0f 0c 03 02 90 54 04 0f 0c 06 02 90 54 07 0e 0c 04 02 90 54 01 08 0c 07 03 50 0f 0e 02 90 01 ff ff ff 01 02 90 00 00 00 08 08 02 90 00 00 00 00 0c 09 00 0b 03 70 09 00 14 09 00 0b 03
0x0e00:	70 09 00 08 09 00 03 00 00 00 00 00 00 00 00 00 00 00 00 00 00 00 00 00 00 00 00 00 00 00 00 00 00 00 00 00 00 00 00 00 00 00 00 00 00 00 00 00 00 00 00 00 00 00 00 00 00 00 00 00 00 00 00 00
0x0e40:	00 00 00 00 00 00 00 00 00 00 00 00 00 00 00 00 00 00 00 00 00 00 00 00 00 00 00 00 00 00 00 00 00 00 00 00 00 00 00 00 00 00 00 00 00 00 00 00 00 00 00 00 00 00 00 00 00 00 00 00 00 00 00 00
0x0e80:	00 00 00 00 00 00 00 00 00 00 00 00 00 00 00 00 00 00 00 00 00 00 00 00 00 00 00 00 00 00 00 00 00 00 00 00 00 00 00 00 00 00 00 00 00 00 00 00 00 00 00 00 00 00 00 00 00 00 00 00 00 00 00 00
0x0ec0:	00 00 00 00 00 00 00 00 00 00 00 00 00 00 00 00 00 00 00 00 00 00 00 00 00 00 00 00 00 00 00 00 00 00 00 00 00 00 00 00 00 00 00 00 00 00 00 00 00 00 00 00 00 00 00 00 00 00 00 00 00 00 00 00
0x0f00:	00 00 00 00 00 00 00 00 00 00 00 00 00 00 00 00 00 00 00 00 00 00 00 00 00 00 00 00 00 00 00 00 00 00 00 00 00 00 00 00 00 00 00 00 00 00 00 00 00 00 00 00 00 00 00 00 00 00 00 00 00 00 00 00
0x0f40:	00 00 00 00 00 00 00 00 00 00 00 00 00 00 00 00 00 00 00 00 00 00 00 00 00 00 00 00 00 00 00 00 00 00 00 00 00 00 00 00 00 00 00 00 00 00 00 00 00 00 00 00 00 00 00 00 00 00 00 00 00 00 00 00
0x0f80:	00 00 00 00 00 00 00 00 00 00 00 00 00 00 00 00 00 00 00 00 00 00 00 00 00 00 00 00 00 00 00 00 00 00 00 00 00 00 00 00 00 00 00 00 00 00 00 00 00 00 00 00 00 00 00 00 00 00 00 00 00 00 00 00
0x0fc0:	00 00 00 00 00 00 00 00 00 00 00 00 00 00 00 00 00 00 00 00 00 00 00 00 00 00 00 00 00 00 00 00 00 00 00 00 00 00 00 00 00 00 00 00 00 00 00 00 00 00 00 00 00 00 00 00 00 00 00 00 00 00 00 00
