00000000 	00EA 83F3 5463 6869 6E67 2074 6368 696E
00000010 	6728 496E 7465 7263 6570 7465 7572 292C
00000020 	2042 6F75 6821 426F 7568 2128 6272 7569
00000030 	7473 2064 2761 6E74 692D 6A65 7529 0000
00000040 	0000 0000 0000 0000 0000 0000 0000 0000
***
00000080 	0000 0000 0000 0000 0000 0119 0000 0000
00000090 	0000 0000 0000 0000 0000 0000 0000 0000
***
00000880 	0000 0000 0000 0000 0000 0000 0000 0000
00000890 	0C00 6A02 90FF FFFE F003 0100 0000 000C
000008A0 	002F 0290 FFFF FEF0 030C 0014 0290 0000
000008B0 	0000 0202 9000 0000 0004 0900 8B02 9000
000008C0 	0000 0402 0290 0000 0000 0409 007A 0290
000008D0 	FFFF FF36 030C 0014 0290 0000 0000 0202
000008E0 	9000 0000 0004 0900 9302 9000 0000 0402
000008F0 	0290 0000 0000 0409 0082 0290 0000 0190
00000900 	0301 0000 0000 0C00 280C 0014 0290 0000
00000910 	0000 0202 9000 0000 0004 0900 4502 9000
00000920 	0000 0402 0290 0000 0000 0409 0034 0C00
00000930 	0D02 9000 0000 0004 0900 5B02 9000 0000
00000940 	0004 0900 5C0A 6402 0012 0602 9000 0000
00000950 	0004 0100 0000 010B 5406 0203 09FE EB0A
00000960 	6402 0012 0602 9000 0000 0004 0100 0000
00000970 	010B 5406 0203 0901 8B0A 6402 0012 0602
00000980 	9000 0000 0004 0100 0000 010B 5406 0203
00000990 	09FF 3101 0000 0001 0CFF FB09 FFF8 0100
000009A0 	0000 010C FFFB 09FF F8
